1 0.885772 0.346759 0.109444 0.133889
1 0.923642 0.233824 0.100864 0.123833
1 0.940923 0.145324 0.087401 0.099352
1 0.972099 0.088477 0.055802 0.092120
1 0.979784 0.030602 0.040432 0.061204
1 0.936586 0.059722 0.094160 0.077778
1 0.888157 0.032037 0.087426 0.064074
1 0.993704 0.188472 0.012593 0.067685
1 0.987935 0.289208 0.024130 0.119491
1 0.974969 0.394250 0.050062 0.102241
1 0.953889 0.535250 0.092222 0.159778
1 0.919815 0.702894 0.125802 0.198657
1 0.838759 0.884167 0.172790 0.212963
1 0.741883 0.989537 0.073025 0.020926
1 0.661299 0.569773 0.195809 0.179898
1 0.470410 0.742449 0.222673 0.248991
1 0.372080 0.596417 0.206383 0.192907
1 0.318364 0.470523 0.194877 0.182843
1 0.276648 0.382000 0.172790 0.149741
1 0.260343 0.288509 0.172784 0.115204
1 0.220531 0.220884 0.156469 0.100824
1 0.199907 0.154690 0.136358 0.063398
1 0.188880 0.100727 0.141130 0.070583
1 0.195586 0.057574 0.121914 0.064852
1 0.210926 0.022315 0.087407 0.040370
1 0.296790 0.020167 0.087407 0.040333
1 0.374488 0.018727 0.087407 0.037454
1 0.461784 0.007917 0.087407 0.015833
1 0.540438 0.024491 0.087407 0.048981
1 0.633481 0.018727 0.087407 0.037454
1 0.736123 0.016569 0.087407 0.033139
1 0.773531 0.033806 0.087407 0.053315
1 0.820531 0.061139 0.087407 0.079204
1 0.879049 0.109338 0.087407 0.095028
1 0.659383 0.039574 0.087407 0.061963
1 0.694877 0.071944 0.087407 0.077778
1 0.742833 0.107194 0.087407 0.082093
1 0.788877 0.153958 0.087407 0.095046
1 0.856494 0.192787 0.099901 0.120907
1 0.809025 0.302157 0.098914 0.123833
1 0.753861 0.412245 0.122907 0.174213
1 0.680475 0.365491 0.139222 0.144019
1 0.545247 0.493519 0.154568 0.158333
1 0.487676 0.405769 0.148809 0.149759
1 0.433000 0.315838 0.135383 0.116657
1 0.099188 0.037338 0.115204 0.054676
1 0.363941 0.187037 0.129611 0.089259
1 0.339012 0.135269 0.123827 0.072056
1 0.321747 0.089218 0.110407 0.063417
1 0.313571 0.050352 0.109488 0.063370
1 0.424852 0.037412 0.105630 0.072028
1 0.440191 0.072671 0.121000 0.059102
1 0.460352 0.105745 0.117123 0.064806
1 0.483355 0.137417 0.107574 0.079241
1 0.508775 0.174102 0.112364 0.086426
1 0.539963 0.220125 0.122889 0.103639
1 0.574006 0.271968 0.125790 0.112361
1 0.621478 0.320884 0.134438 0.126750
1 0.562034 0.053954 0.107525 0.082093
1 0.588407 0.081282 0.102741 0.076324
1 0.607571 0.111528 0.110451 0.082130
1 0.649296 0.158296 0.119086 0.089333
1 0.692963 0.207218 0.116173 0.097972
1 0.751485 0.244620 0.123833 0.103722
1 0.398460 0.250338 0.129636 0.118028
1 0.087198 0.063241 0.100815 0.043167
1 0.078083 0.093454 0.105611 0.043167
1 0.080963 0.125829 0.107531 0.044602
1 0.078083 0.150287 0.097932 0.047481
1 0.076645 0.184102 0.102735 0.037407
1 0.081923 0.211509 0.102735 0.037407
1 0.086719 0.250361 0.102735 0.037407
1 0.101577 0.296407 0.113265 0.051815
1 0.098707 0.348204 0.131475 0.051815
1 0.108787 0.392806 0.138191 0.051815
1 0.133722 0.460417 0.130531 0.086389
1 0.151454 0.535991 0.143031 0.113759
1 0.174481 0.630204 0.172790 0.159778
1 0.196074 0.702157 0.172790 0.159778
1 0.228691 0.794245 0.188123 0.159787
1 0.282880 0.906472 0.185265 0.159778
1 0.356728 0.986713 0.100864 0.026574
1 0.612380 0.874444 0.218833 0.251111
1 0.761049 0.692801 0.205432 0.215880
1 0.850262 0.498579 0.149784 0.201546
